14
-1 30 25 20 15 28 35 40 22 18 15 25 30 10
30 -1 22 28 35 20 15 12 10 30 22 25 18 28
25 22 -1 10 18 15 20 12 30 14 35 28 20 35
20 28 10 -1 12 30 35 20 22 18 15 25 30 15
15 35 18 12 -1 10 15 30 35 22 25 20 28 30
28 20 15 30 10 -1 22 18 25 20 30 15 12 22
35 15 20 35 15 22 -1 10 18 14 20 25 30 10
40 12 12 20 30 18 10 -1 15 35 22 18 25 20
22 10 30 22 35 25 18 15 -1 12 10 35 20 15
18 30 14 18 22 20 14 35 12 -1 15 10 25 20
15 22 35 15 25 30 20 22 10 15 -1 28 18 30
25 25 28 25 20 15 25 18 35 10 28 -1 22 20
30 18 20 30 28 12 30 25 20 25 18 22 -1 10
10 28 35 15 30 22 10 20 15 20 30 20 10 -1